# Frame list with one line of data per frame:
#   FRAME_ID, RIG_ID, RIG_FROM_WORLD[QW, QX, QY, QZ, TX, TY, TZ], NUM_DATA_IDS, DATA_IDS[] as (SENSOR_TYPE, SENSOR_ID, DATA_ID)
# Number of frames: 58
122 1 0.71220541295872763 -0.12267168738871381 -0.50718657783937937 -0.46954965884885191 1.8567841251137376 -2.709928314564269 1.5557153982110985 1 CAMERA 1 122
127 1 0.72780396693447458 -0.15910815609601955 -0.50312104275121483 -0.4380127814563145 2.0367762102414111 -2.4808018244717518 1.647746303468409 1 CAMERA 1 127
166 1 0.96402626915263956 -0.21988718526708192 0.14423397468098909 0.038723877474839456 -2.7459822146090143 -0.80479950050808402 4.5842883172248996 1 CAMERA 1 166
169 1 0.95658813809515042 -0.26493930936072696 0.12113093606875278 0.0085786209976962905 -3.0323355694793919 -0.35735318820679002 4.4640119316953522 1 CAMERA 1 169
171 1 0.96004879200048099 -0.20148598738061038 0.17965605816980112 0.073711699414453921 -2.0701296331205388 -1.1243313160657922 4.8906192671842588 1 CAMERA 1 171
172 1 0.9570317651164939 -0.28169829047026668 0.067134361720805877 -0.015141042912478815 -3.5513423456664208 0.051324855322537485 3.8533863057878692 1 CAMERA 1 172
173 1 0.96001134820105327 -0.26254634985816833 0.0971824988125638 -0.0017853363533340552 -3.3721577116999994 -0.29647622691735348 4.204865959823179 1 CAMERA 1 173
174 1 0.96717388846198271 -0.24253090146801207 0.071303636830732944 -0.025869338707299305 -3.5942719972417985 -0.7841593639008787 3.6317584697642245 1 CAMERA 1 174
176 1 0.94544230824791653 -0.31952249806978456 0.062597314556151459 -0.011215668167994696 -3.4362525861584508 0.79698684718825386 3.6735626505490271 1 CAMERA 1 176
177 1 0.94694042566918435 -0.2656303084655568 0.17948319586825118 0.023025026794257487 -2.0334385210338315 -0.1329361004221859 4.5727784915288199 1 CAMERA 1 177
178 1 0.95752316063975207 -0.21950670050325657 0.18141438069073831 0.045332413913548648 -2.0451025790686113 -0.58989868904033049 4.4823327513478173 1 CAMERA 1 178
179 1 0.95538164975680595 -0.19819960140085241 0.20268960294619268 0.082944235303135674 -1.5685782169348985 -0.97291396449854795 4.6363626901287134 1 CAMERA 1 179
180 1 0.95992001141196959 -0.16577447097716155 0.20428896160527235 0.096635483282932672 -1.4755895470957101 -1.4504977587968984 4.5746981865209406 1 CAMERA 1 180
181 1 0.96146258148581543 -0.25786652798564241 0.087053814479969488 0.038938304171456627 -0.68163287120424887 -0.22975899481110562 2.0117800874960694 1 CAMERA 1 181
182 1 0.99206283514270854 -0.11311596338220992 0.047642137439286664 0.02731916354762285 -1.3879241917536125 -0.78753828232788869 1.8759002882457176 1 CAMERA 1 182
183 1 0.98113865349521545 -0.09760364924333019 0.12007880018280659 0.1158514221692518 -0.52827759156846377 -0.88983815376406694 1.7952413998176278 1 CAMERA 1 183
184 1 0.97484223802438141 -0.13907674379129192 0.13647322722994543 0.1082373713163353 -0.40355018339863835 -0.59267818513100123 1.875114950693896 1 CAMERA 1 184
185 1 0.97758789272093183 -0.17797104066601621 0.094904669169232153 0.060343387869606267 -0.89743841530931279 -0.38124761979094268 1.7992886601197879 1 CAMERA 1 185
186 1 0.98601066938310522 -0.16567400864569012 0.012739987954119575 -0.013144406752593414 -1.7310671832925328 -0.22807322472417141 1.7256667484604431 1 CAMERA 1 186
187 1 0.98343968433536999 -0.16141455627727147 0.07389473359917538 0.036486937970543247 -1.1339004496072969 -0.41357282244765609 1.9080206709444829 1 CAMERA 1 187
188 1 0.98429221798936573 -0.16991851041102091 0.047859699238695687 0.0024451204584408732 -1.4590306306732292 -0.19924131668540332 1.8765707110792409 1 CAMERA 1 188
189 1 0.96909620783405115 -0.24523142390090594 0.026531408155674639 -0.0031895257441854853 -1.3893397921867876 -0.26615393424324962 1.9506997463564999 1 CAMERA 1 189
190 1 0.99476652907913488 -0.097666587192194149 0.02897674367994096 -0.0078191237224810098 -1.6984264973621952 -0.74086176240726165 1.6818530485949357 1 CAMERA 1 190
248 1 0.97946653004578255 -0.11312417268526194 0.13001332499136498 0.104617271036091 -0.52774751226952399 -0.54583456358232252 1.5346353919514144 1 CAMERA 1 248
249 1 0.97342930084760215 -0.16945637425032264 0.1342807289995134 0.075422936144400501 -0.73696793047129183 -0.27280952808634568 1.7003361549996823 1 CAMERA 1 249
250 1 0.97166636903358405 -0.22981264786105482 -0.051574343782447352 -0.01976616390683749 -0.16798072509242373 0.091785851676484551 -0.67281892540031285 1 CAMERA 1 250
251 1 0.97826254950585612 -0.18358230554771995 0.086623807058063065 0.042382040711290425 -0.74348637945667606 -0.20020067026769503 1.6410045826260198 1 CAMERA 1 251
252 1 0.9854202944763667 -0.15343455475808601 0.067415253422691682 0.029323441923706815 -1.0630200209486842 -0.17020105278445091 1.4402499307795495 1 CAMERA 1 252
253 1 0.99618647271970207 -0.086338490890511141 -0.008828829734440647 0.0089570266577590901 -0.083591660634203882 0.78572998702893704 -0.79337239588671171 1 CAMERA 1 253
254 1 0.97936738512340848 -0.17144023878362727 -0.097332783923926622 -0.044430830016650713 -0.13960139195273893 0.13131520014721917 -0.71769226870668179 1 CAMERA 1 254
255 1 0.99448972917312939 -0.10066904490621965 -0.027314163435321521 -0.010481337827489702 -0.1064119086417766 0.84129874913926062 -0.70384012525812656 1 CAMERA 1 255
256 1 0.9791801088233133 -0.19707032821157153 -0.045684828993034735 -0.016807635860668243 -0.15720220813797747 0.11831082378326284 -0.69678001579256821 1 CAMERA 1 256
257 1 0.97015312658256547 -0.22070271678486769 -0.093881145303929964 -0.035770830885981979 -0.19588051140578147 0.14174743239742915 -0.7262959661637135 1 CAMERA 1 257
258 1 0.99126732835333731 -0.078226955844466012 -0.089679172859466846 -0.056809093231513529 -0.1425473358986695 0.75367777427576932 -0.69485091406942856 1 CAMERA 1 258
259 1 0.99902178657129193 -0.00095839867056231104 -0.030629097486063427 -0.031881182774196451 -0.14909429935161936 0.56450403982775588 -0.77371993705254705 1 CAMERA 1 259
260 1 0.9972545506274062 -0.055687659001067091 -0.040893552846082988 -0.026645135081955974 -0.12721624479376023 0.58038224573117181 -0.68076970393873171 1 CAMERA 1 260
261 1 0.99470257691819919 -0.10080215520897839 -0.019533269722417999 -0.0049153180436428898 -0.095745206629161875 0.62603978850656583 -0.81433490362366157 1 CAMERA 1 261
263 1 0.99774955814183619 -0.066824011979617848 -0.0054223310268786641 -0.00098436626999054964 -0.13500817699505901 0.64222593172657327 -0.86420605519235061 1 CAMERA 1 263
265 1 0.9989552997525365 0.04248382170551436 0.0067844551007792001 0.015407957638819886 -0.15417036732692549 0.53601769189329085 -0.77139967421651123 1 CAMERA 1 265
266 1 0.98748264169286004 -0.030199831235378026 0.12447125566917204 0.092048406074114783 -0.37741751702609505 0.71654263595214041 -0.67606170582916625 1 CAMERA 1 266
267 1 0.99321289222442088 0.027068777313710202 0.082924186250049298 0.076935111286777505 -0.20629498505796379 0.51851596643177089 -0.73623606556637822 1 CAMERA 1 267
269 1 0.96353789205301266 -0.099606155831190632 -0.18417865094857735 -0.1665880212780371 2.4980819078512124 0.19623833666167326 -0.36492372004435736 1 CAMERA 1 269
271 1 0.97927358130386477 0.053986856848877586 -0.13135097044642186 -0.1444146627273869 2.3819348790324395 0.22617461649552018 -0.82052701304911946 1 CAMERA 1 271
272 1 0.96023754934389771 0.03836271490274 -0.18851105677621 -0.20232580756896329 2.3100572154664305 -0.11896375512049838 -0.53128830895867385 1 CAMERA 1 272
275 1 0.9146831457190151 -0.16465666496348882 -0.32040521726934246 -0.18325780301873607 4.9030248156375675 -0.63109535426283647 0.3576214864037805 1 CAMERA 1 275
276 1 0.88831739475268923 -0.18044731503226874 -0.37420975197722917 -0.19569883546557168 4.603969173899122 -0.68801615917958148 0.9123193765316443 1 CAMERA 1 276
277 1 0.9003543704207333 -0.22227463954775542 -0.33756053206975384 -0.16127268667379818 4.873319107578693 -0.48801818000504482 0.52864443512760118 1 CAMERA 1 277
279 1 0.88440522964948398 -0.22047298795578701 -0.37149354800418793 -0.17666803655939378 4.7072494538714515 -0.55994888607218962 0.87701889470827521 1 CAMERA 1 279
280 1 0.87691839952583372 -0.15259266015149023 -0.39561476243852761 -0.22631517930012934 4.4784377030959774 -0.99901596715104957 1.2180482015694731 1 CAMERA 1 280
281 1 0.85514364045297631 -0.18121014402392377 -0.4114018800516186 -0.2581486606311435 4.1561542719716655 -1.202550320993875 1.4665880009182668 1 CAMERA 1 281
282 1 0.87731161934322233 -0.18529038602632211 -0.37674695381269585 -0.23249414660254122 4.3767361468735482 -0.99648584221954573 1.0688310932106966 1 CAMERA 1 282
283 1 0.8667671832276117 0.0083547762473851293 -0.34227903162127343 -0.36261537792257409 3.7324786891023782 -1.1642761916734023 0.50304770658222031 1 CAMERA 1 283
284 1 0.86270774862139776 -0.25316827270478659 -0.39279697432009947 -0.19326588713285445 4.3484850982559244 -0.46949184476713646 1.0410452819686642 1 CAMERA 1 284
293 1 0.7515434620168242 -0.11586232976577804 -0.50092708105026174 -0.41331634943645379 2.6430330956078665 -2.4115117117759262 2.2627837380172644 1 CAMERA 1 293
294 1 0.74193212638195671 -0.15132774097456142 -0.51762386346807199 -0.39837441009968388 2.5908517244454377 -2.1862503096633303 2.4549991883488893 1 CAMERA 1 294
299 1 0.84750939231738565 -0.20437712268427149 -0.41040613849301599 -0.2674408778484792 3.96250270345358 -1.0936443986310451 1.79998796986489 1 CAMERA 1 299
301 1 0.86816745028042697 -0.16768344776012611 -0.37719962571559668 -0.27547773409274523 4.0834412451015236 -1.2969202403972078 1.3961031888371904 1 CAMERA 1 301
303 1 0.82642035822064031 -0.0040319314221079483 -0.32374417077846457 -0.46065480235686285 3.1882003272676047 -1.8782679461958862 0.67586212966118486 1 CAMERA 1 303
